"","num","perc","min","max","mean","orig_mean","sd","p-value","cohen_eff","power","killed","interval","bayesian_killed","glm_p","glm_killed","1percent","5percent","10percent"
"1",1,1,-0.288247108459473,0.228768244385719,-0.0360247769393027,-0.0363640838218944,0.0970437576593613,1,"negligible",0.950070408318507,"nk","bla bla","nk",0.970190359825567,"nk",2,0,0
"2",2,2,-0.358932703733444,0.113707594573498,-0.0363969742693007,-0.0363640838218944,0.102333229120264,1,"negligible",0.955714562394178,"nk","bla bla","nk",0.728898587905566,"nk",0,0,0
"3",3,3,-0.31805881857872,0.196816459298134,-0.0281830380763859,-0.0363640838218944,0.108104176712713,1,"negligible",0.961337874937332,"nk","bla bla","nk",0.614152003347996,"nk",0,0,0
"4",4,4,-0.292540013790131,0.0968822091817856,-0.0376832070574164,-0.0363640838218944,0.0941854299186221,1,"negligible",0.955329086788356,"nk","bla bla","nk",0.738377997448149,"nk",0,0,0
"5",5,5,-0.12189182639122,0.299972683191299,-0.000637829937040806,-0.0363640838218944,0.0933716389135461,1,"negligible",0.950007743410923,"nk","bla bla","nk",0.990115208004013,"nk",1,1,0
"6",6,6,-0.137031272053719,0.23567271232605,0.0248214565496892,-0.0363640838218944,0.0796280296817929,1,"small",0.976635683475849,"nk","bla bla","nk",0.387088249799992,"nk",0,0,0
"7",7,7,-0.228938177227974,0.108822993934155,-0.0237635482475162,-0.0363640838218944,0.0677261921672237,1,"negligible",0.966540187699378,"nk","bla bla","nk",0.528946737595528,"nk",0,0,0
"8",8,8,-0.248120322823524,0.19009692966938,-0.0357399275538046,-0.0363640838218944,0.086299683736685,1,"negligible",0.956295494174504,"nk","bla bla","nk",0.715160842287599,"nk",0,0,0
"9",9,9,-0.392741471529007,0.0635474696755409,-0.0553970094770193,-0.0363640838218944,0.0956623005207818,1,"negligible",0.955284743785636,"nk","bla bla","nk",0.73948884398173,"nk",0,0,0
"10",10,10,-0.181483373045921,0.105654187500477,-0.0282308266789187,-0.0363640838218944,0.0642226121684442,1,"negligible",0.964433314217398,"nk","bla bla","nk",0.56193619953456,"nk",0,0,0
"11",11,11,-0.156180217862129,0.125084713101387,-0.00460158408619463,-0.0363640838218944,0.0622755413578822,1,"small",0.988347971190791,"nk","bla bla","nk",0.233074306144077,"nk",2,0,0
"12",12,12,-0.222877040505409,0.119518369436264,-0.0418928516842425,-0.0363640838218944,0.0855824647427747,1,"negligible",0.953430893933948,"nk","bla bla","nk",0.790762351992321,"nk",0,0,0
"13",13,13,-0.147700443863869,0.224357977509499,0.00363162191468291,-0.0363640838218944,0.073547172399328,1,"negligible",0.950870522358824,"nk","bla bla","nk",0.895047629029492,"nk",0,0,0
"14",14,14,-0.363296240568161,0.0756146982312202,-0.0775883471406996,-0.0363640838218944,0.121110198609511,1,"negligible",0.950052417384334,"nk","bla bla","nk",0.974280059143568,"nk",1,0,0
"15",15,15,-0.144440427422523,0.259990513324738,-0.0198061162338126,-0.0363640838218944,0.076537756929267,1,"negligible",0.95140088507726,"nk","bla bla","nk",0.866746967933339,"nk",0,0,0
"16",16,16,-0.0957229435443878,0.0790057331323624,-0.0185545311961323,-0.0363640838218944,0.0476854526794625,1,"small",0.983613123628631,"nk","bla bla","nk",0.295834668849216,"nk",0,0,0
"17",17,17,-0.169474616646767,0.450001150369644,-0.00263169640791602,-0.0363640838218944,0.117968584915106,1,"negligible",0.953493839165063,"nk","bla bla","nk",0.78882927207239,"nk",1,0,0
"18",18,18,-0.297855526208878,0.239427238702774,-0.0368174145091325,-0.0363640838218944,0.108517549809124,1,"small",0.978957928102717,"nk","bla bla","nk",0.356527627821917,"nk",0,0,0
"19",19,19,-0.212133571505547,0.192198142409325,-0.0324162864417303,-0.0363640838218944,0.090585152827771,1,"negligible",0.968103385390329,"nk","bla bla","nk",0.505479475543679,"nk",0,0,0
"20",20,20,-0.236915275454521,0.0423740185797215,-0.0343082346115261,-0.0363640838218944,0.059222351191057,1,"small",0.97579702644518,"nk","bla bla","nk",0.398233784424887,"nk",0,0,0
"21",21,21,-0.403959572315216,0.192488387227058,-0.0207259145565331,-0.0363640838218944,0.117234677586208,1,"negligible",0.95897122738297,"nk","bla bla","nk",0.658319845406372,"nk",2,0,0
"22",22,22,-0.094935305416584,0.238057568669319,0.0209446336771362,-0.0363640838218944,0.0830573996258036,1,"small",0.972799099922414,"nk","bla bla","nk",0.438763899512167,"nk",0,0,0
"23",23,23,-0.273038566112518,0.0533198788762093,-0.0398128326237202,-0.0363640838218944,0.0919719769954986,1,"negligible",0.967209989228323,"nk","bla bla","nk",0.518797222506952,"nk",0,0,0
"24",24,24,-0.257599145174026,0.0862274393439293,-0.0406040932063479,-0.0363640838218944,0.0818609818512742,1,"negligible",0.95158573446758,"nk","bla bla","nk",0.858185043830962,"nk",0,0,0
"25",25,25,-0.235519394278526,0.0409823879599571,-0.0621350326947868,-0.0363640838218944,0.0661270591599639,1,"negligible",0.957681418186383,"nk","bla bla","nk",0.684583149805422,"nk",0,0,0
"26",26,26,-0.260790914297104,0.329275369644165,-0.0128075701184571,-0.0363640838218944,0.123406028967421,1,"negligible",0.953560403304592,"nk","bla bla","nk",0.786803219512042,"nk",3,0,0
"27",27,27,-0.0841142609715462,0.248180404305458,0.0144838614854962,-0.0363640838218944,0.0664219322477735,1,"negligible",0.966883562914235,"nk","bla bla","nk",0.523725082818268,"nk",0,0,0
"28",28,28,-0.516088962554932,0.0376314893364906,-0.0641270532924682,-0.0363640838218944,0.111777014369718,1,"negligible",0.95123717701668,"nk","bla bla","nk",0.874808132704754,"nk",1,0,0
"29",29,29,-0.236103057861328,0.230098694562912,-0.0518405386246741,-0.0363640838218944,0.102937195281672,1,"negligible",0.951254691030985,"nk","bla bla","nk",0.873921524131576,"nk",0,0,0
"30",30,30,-0.283020377159119,0.0960596054792404,-0.0265513108298183,-0.0363640838218944,0.102681276270652,1,"small",0.971518236849278,"nk","bla bla","nk",0.456500267666264,"nk",1,0,0
"31",31,31,-0.235896065831184,0.354087442159653,-0.0254621590673924,-0.0363640838218944,0.115443246878746,1,"negligible",0.950000126812192,"nk","bla bla","nk",0.998735040505419,"nk",1,0,0
"32",32,32,-0.198251828551292,0.299767285585403,0.00460884258151054,-0.0363640838218944,0.12168349612113,1,"negligible",0.950112962022807,"nk","bla bla","nk",0.962239263975359,"nk",4,0,0
"33",33,33,-0.251552015542984,0.130309209227562,-0.0230449094250798,-0.0363640838218944,0.0865201689267283,1,"negligible",0.959663038471325,"nk","bla bla","nk",0.644930505530134,"nk",1,0,0
"34",34,34,-0.118567638099194,0.273977249860764,0.0174543003737926,-0.0363640838218944,0.091853329544245,1,"negligible",0.950702247665856,"nk","bla bla","nk",0.90576123475989,"nk",0,0,0
"35",35,35,-0.417112976312637,0.294618755578995,-0.0293628975562751,-0.0363640838218944,0.132983044407042,1,"negligible",0.950003375924875,"nk","bla bla","nk",0.993473283517591,"nk",1,0,0
"36",36,36,-0.170942530035973,0.0845868736505508,-0.0298858866095543,-0.0363640838218944,0.0619005192514139,1,"negligible",0.969619590090588,"nk","bla bla","nk",0.483389670271707,"nk",0,0,0
"37",37,37,-0.236845031380653,0.0984682664275169,-0.0249856327101588,-0.0363640838218944,0.0799278203848329,1,"negligible",0.963672203446568,"nk","bla bla","nk",0.574310967946879,"nk",1,0,0
"38",38,38,-0.178227469325066,0.119167938828468,-0.00880451397970319,-0.0363640838218944,0.0710310806215328,1,"small",0.97983629928935,"nk","bla bla","nk",0.345050050417152,"nk",0,0,0
"39",39,39,-0.352197706699371,0.212174952030182,-0.0352445499971509,-0.0363640838218944,0.11140133921618,1,"negligible",0.950024469626206,"nk","bla bla","nk",0.982427780483072,"nk",0,0,0
"40",40,40,-0.234406813979149,0.163448676466942,-0.012416379423812,-0.0363640838218944,0.0940478240455575,1,"small",0.977197388973459,"nk","bla bla","nk",0.379659746964398,"nk",0,0,0
"41",41,41,-0.217311054468155,0.0600599721074104,-0.0501545947045088,-0.0363640838218944,0.0780092863725332,1,"small",0.974163858758244,"nk","bla bla","nk",0.420162344716331,"nk",0,0,0
"42",42,42,-0.220528274774551,0.321013182401657,-0.0121526637300849,-0.0363640838218944,0.0997375398312455,1,"negligible",0.963833648629857,"nk","bla bla","nk",0.571663451074319,"nk",0,0,0
"43",43,43,-0.235870555043221,0.271660298109055,0.00545186600647867,-0.0363640838218944,0.105270917817089,1,"negligible",0.952184767535017,"nk","bla bla","nk",0.833376388327882,"nk",1,0,0
"44",44,44,-0.0704869776964188,0.112310655415058,0.0148127829656005,-0.0363640838218944,0.0385780811207042,1,"small",0.997308600405886,"nk","bla bla","nk",0.0936181029194782,"nk",0,0,0
"45",45,45,-0.351306915283203,0.248753488063812,-0.0234165015537292,-0.0363640838218944,0.105404180394074,1,"small",0.978457466272797,"nk","bla bla","nk",0.363083440553319,"nk",1,0,0
"46",46,46,-0.215209752321243,0.100115552544594,-0.0400940740201622,-0.0363640838218944,0.0909036547472869,1,"negligible",0.954280993060341,"nk","bla bla","nk",0.765935821694665,"nk",0,0,0
"47",47,47,-0.262839645147324,0.262428015470505,-0.0160343842208385,-0.0363640838218944,0.106275082793308,1,"small",0.981726554406801,"nk","bla bla","nk",0.320422280920439,"nk",3,0,0
"48",48,48,-0.207141727209091,0.0934160351753235,-0.00763320284895599,-0.0363640838218944,0.0750548844174356,1,"small",0.989347611588389,"nk","bla bla","nk",0.219414472100246,"nk",2,0,0
"49",49,49,-0.280260652303696,0.442632228136063,-0.00932415486313403,-0.0363640838218944,0.121266028151196,1,"small",0.971442244788015,"nk","bla bla","nk",0.457562026607614,"nk",1,0,0
"50",50,50,-0.132932394742966,0.316933393478394,0.0470749942958355,-0.0363640838218944,0.103910980646572,1,"small",0.992360626492148,"nk","bla bla","nk",0.176561114511323,"nk",6,0,0
"51",51,51,-0.115823149681091,0.134328499436378,0.00223524896544404,-0.0363640838218944,0.0549305964328002,1,"medium",0.999280903896887,"nk","bla bla","nk",0.0447436919474176,"k",2,0,0
"52",52,52,-0.269576132297516,0.154538556933403,-0.0521542929206043,-0.0363640838218944,0.101605291559565,1,"negligible",0.969199472820322,"nk","bla bla","nk",0.489450631571934,"nk",2,0,0
"53",53,53,-0.27043542265892,0.0765100121498108,-0.0411925600655377,-0.0363640838218944,0.0804030859546331,1,"small",0.994450100000309,"nk","bla bla","nk",0.144430812795129,"nk",1,0,0
"54",54,54,-0.158609926700592,0.0618262626230717,-0.00801264377310872,-0.0363640838218944,0.0555363476076656,1,"medium",0.998478349993045,"nk","bla bla","nk",0.0675817323997894,"nk",2,0,0
"55",55,55,-0.164390176534653,0.102945566177368,-0.017158240834251,-0.0363640838218944,0.0663076911752118,1,"small",0.992073021480549,"nk","bla bla","nk",0.180795121944645,"nk",0,0,0
"56",56,56,-0.244953483343124,0.16290882229805,-0.0248057374730706,-0.0363640838218944,0.0876503542071241,1,"small",0.991720408053182,"nk","bla bla","nk",0.185937064071375,"nk",2,0,0
"57",57,57,-0.129382580518723,0.280486136674881,0.0104530555009842,-0.0363640838218944,0.0724220125741773,1,"small",0.98721222739315,"nk","bla bla","nk",0.248368619411667,"nk",1,0,0
"58",58,58,-0.425265282392502,0.120234578847885,-0.0764981174562126,-0.0363640838218944,0.136080645476034,1,"negligible",0.960233965540271,"nk","bla bla","nk",0.634195941013037,"nk",3,0,0
"59",59,59,-0.170494437217712,0.342779248952866,-0.0202265408821404,-0.0363640838218944,0.10438424519047,1,"negligible",0.963383553875286,"nk","bla bla","nk",0.579076205228377,"nk",1,0,0
"60",60,60,-0.112808644771576,0.044529352337122,-0.0189746892545372,-0.0363640838218944,0.0426357700053765,1,"small",0.970193152574847,"nk","bla bla","nk",0.475183287823609,"nk",0,0,0
"61",61,61,-0.298365265130997,0.505421340465546,0.000901378067210317,-0.0363640838218944,0.134448937476946,1,"negligible",0.963567110876523,"nk","bla bla","nk",0.576041149982337,"nk",2,0,0
"62",62,62,-0.370059043169022,0.219777569174767,-0.0369429269433022,-0.0363640838218944,0.102932742171898,1,"small",0.979526188846181,"nk","bla bla","nk",0.349098620372716,"nk",2,0,0
"63",63,63,-0.246680304408073,0.0605659522116184,-0.0579872317705303,-0.0363640838218944,0.0845674839913249,1,"small",0.977862569755923,"nk","bla bla","nk",0.37089555033845,"nk",1,0,0
"64",64,64,-0.275232821702957,0.181693464517593,-0.0166773049533367,-0.0363640838218944,0.0998229429909655,1,"small",0.989885569533117,"nk","bla bla","nk",0.211969440102936,"nk",2,0,0
"65",65,65,-0.357880800962448,0.239508628845215,-0.0173707382474095,-0.0363640838218944,0.120346965571788,1,"negligible",0.969206487300864,"nk","bla bla","nk",0.489349074284496,"nk",3,0,0
"66",66,66,-0.148689448833466,0.290307343006134,0.030830177051248,-0.0363640838218944,0.112056080624317,1,"small",0.989129951042588,"nk","bla bla","nk",0.222406994299173,"nk",3,0,0
"67",67,67,-0.30633345246315,0.0816542357206345,-0.0464450004696846,-0.0363640838218944,0.0978163712061505,1,"small",0.972493575220789,"nk","bla bla","nk",0.442968323702358,"nk",1,0,0
"68",68,68,-0.265752285718918,0.126903980970383,-0.0292155188322067,-0.0363640838218944,0.111959512851919,1,"small",0.976000309048909,"nk","bla bla","nk",0.39552576658289,"nk",2,0,0
"69",69,69,-0.243601962924004,0.0520111955702305,-0.0619035439286381,-0.0363640838218944,0.0759074398967339,1,"small",0.976570009910566,"nk","bla bla","nk",0.387958588700378,"nk",1,0,0
"70",70,70,-0.237191885709763,0.452345013618469,-0.00440883935429156,-0.0363640838218944,0.138166996335604,1,"small",0.976774928017969,"nk","bla bla","nk",0.38524420246725,"nk",2,0,0
"71",71,71,-0.0855739265680313,0.29467386007309,0.0100115577783436,-0.0363640838218944,0.0727650673949337,1,"small",0.995999899975341,"nk","bla bla","nk",0.118320599823478,"nk",0,0,0
"72",72,72,-0.45403203368187,0.107513964176178,-0.0562480165250599,-0.0363640838218944,0.128523017204349,1,"negligible",0.959248519673392,"nk","bla bla","nk",0.652900028131763,"nk",5,0,0
"73",73,73,-0.243603885173798,0.265502214431763,-0.0232383162050974,-0.0363640838218944,0.108076154584574,1,"small",0.996434196159334,"nk","bla bla","nk",0.11046928878927,"nk",7,0,0
"74",74,74,-0.208268404006958,0.0857946276664734,-0.0255077457427979,-0.0363640838218944,0.0899050821893051,1,"small",0.989859221446085,"nk","bla bla","nk",0.212335793705209,"nk",2,0,0
"75",75,75,-0.223437428474426,0.463414549827576,-0.0104620060417801,-0.0363640838218944,0.137086321166872,1,"negligible",0.962446558395762,"nk","bla bla","nk",0.594842682761764,"nk",4,0,0
"76",76,76,-0.246338993310928,0.41442021727562,0.00161490187048912,-0.0363640838218944,0.158725966086231,1,"negligible",0.95009186049152,"nk","bla bla","nk",0.965949461434448,"nk",4,0,0
"77",77,77,-0.211785107851028,0.116670429706573,-0.0228859457466751,-0.0363640838218944,0.0782333101072758,1,"small",0.995806533441849,"nk","bla bla","nk",0.121728084498356,"nk",1,0,0
"78",78,78,-0.166850566864014,0.287612527608871,0.0190993218042422,-0.0363640838218944,0.101347985866277,1,"negligible",0.963250181714027,"nk","bla bla","nk",0.581292097945351,"nk",1,0,0
"79",79,79,-0.36231741309166,0.292951434850693,-0.0112778417859226,-0.0363640838218944,0.130236107206631,1,"small",0.973391880392025,"nk","bla bla","nk",0.430649760788829,"nk",2,0,0
"80",80,80,-0.123738259077072,0.193375170230865,-0.0045819921977818,-0.0363640838218944,0.061857324865184,1,"medium",0.999973779700085,"nk","bla bla","nk",0.00837273143689163,"k",3,0,0
"81",81,81,-0.260824054479599,0.0847347974777222,-0.0371108230948448,-0.0363640838218944,0.0916519742912494,1,"negligible",0.965959461079309,"nk","bla bla","nk",0.537870651083967,"nk",5,0,0
"82",82,82,-0.236935034394264,0.151724889874458,-0.0124238342326134,-0.0363640838218944,0.0847223218796255,1,"small",0.988450557414654,"nk","bla bla","nk",0.231681863237127,"nk",2,0,0
"83",83,83,-0.327573210000992,0.280144333839417,-0.022581745237112,-0.0363640838218944,0.111858645894083,1,"small",0.977588580082473,"nk","bla bla","nk",0.374501546067596,"nk",1,0,0
"84",84,84,-0.309995323419571,0.174532845616341,-0.0212238031707238,-0.0363640838218944,0.103490577982982,1,"small",0.979840399661419,"nk","bla bla","nk",0.344996541983906,"nk",3,0,0
"85",85,85,-0.192537128925323,0.0688061118125916,-0.0426056154165417,-0.0363640838218944,0.0746324902570747,1,"small",0.98664021515304,"nk","bla bla","nk",0.255998386986993,"nk",0,0,0
"86",86,86,-0.198474824428558,0.0814105570316315,-0.0108242748677731,-0.0363640838218944,0.0700144774777702,1,"medium",0.999121157085357,"nk","bla bla","nk",0.0498870959964973,"k",1,0,0
"87",87,87,-0.184583574533463,0.35234472155571,0.0384950476698577,-0.0363640838218944,0.115857428167809,1,"small",0.996935880731374,"nk","bla bla","nk",0.100997761072044,"nk",2,0,0
"88",88,88,-0.141112089157104,0.19266976416111,9.68837644904852e-05,-0.0363640838218944,0.0685290935096754,1,"small",0.981137209262467,"nk","bla bla","nk",0.328095375263022,"nk",0,0,0
"89",89,89,-0.258352428674698,0.0798127427697182,-0.0139251077547669,-0.0363640838218944,0.0769602670023345,1,"small",0.971270032131413,"nk","bla bla","nk",0.459972356212539,"nk",0,0,0
"90",90,90,-0.175148472189903,0.166447505354881,-0.0155764100328088,-0.0363640838218944,0.0829932323637468,1,"negligible",0.967886707817743,"nk","bla bla","nk",0.508687540502338,"nk",2,0,0
"91",91,91,-0.385153651237488,0.326179981231689,-0.0167945174127817,-0.0363640838218944,0.132508723652466,1,"small",0.979295983421668,"nk","bla bla","nk",0.352106430800089,"nk",1,0,0
"92",92,92,-0.305578649044037,0.184663817286491,-0.0298932079598308,-0.0363640838218944,0.0985835235626901,1,"negligible",0.950019511889428,"nk","bla bla","nk",0.984308690613662,"nk",1,0,0
"93",93,93,-0.255385488271713,0.399235874414444,-0.00656018164008856,-0.0363640838218944,0.109275768250616,1,"negligible",0.967213463215891,"nk","bla bla","nk",0.518744961969864,"nk",0,0,0
"94",94,94,-0.0965396091341972,0.246873274445534,0.030492327362299,-0.0363640838218944,0.0894640564988098,1,"negligible",0.961046288458708,"nk","bla bla","nk",0.619361588356454,"nk",0,0,0
"95",95,95,-0.0674213692545891,0.224590972065926,0.00398655820637941,-0.0363640838218944,0.0629395226695147,1,"small",0.992216524829328,"nk","bla bla","nk",0.178687199813694,"nk",0,0,0
"96",96,96,-0.201705306768417,0.185499012470245,-0.0375243458896875,-0.0363640838218944,0.0901770130920551,1,"small",0.982000057295588,"nk","bla bla","nk",0.316861376270328,"nk",2,0,0
"97",97,97,-0.339715421199799,0.0774777606129646,-0.0287688321247697,-0.0363640838218944,0.0858507842497061,1,"small",0.981487934048686,"nk","bla bla","nk",0.323528898404194,"nk",0,0,0
"98",98,98,-0.202695026993752,0.13597646355629,-0.017036761008203,-0.0363640838218944,0.0654316546438937,1,"small",0.978428662433308,"nk","bla bla","nk",0.363461181942325,"nk",0,0,0
"99",99,99,-0.177739903330803,0.0834521874785423,-0.0138744334876537,-0.0363640838218944,0.0681290236139384,1,"negligible",0.965233230624318,"nk","bla bla","nk",0.549205778678534,"nk",2,0,0
"100",100,100,-0.194477692246437,0.0615149214863777,-0.0274735935032368,-0.0363640838218944,0.0743829692699615,1,"negligible",0.956809151469145,"nk","bla bla","nk",0.703497632178436,"nk",0,0,0
"101",101,101,-0.137454211711884,0.244855284690857,-0.00280406653881073,-0.0363640838218944,0.0741156099659573,1,"negligible",0.950687295001484,"nk","bla bla","nk",0.906772171027189,"nk",0,0,0
"102",102,102,-0.290104597806931,0.107208229601383,-0.0540894373878837,-0.0363640838218944,0.100136124944024,1,"small",0.974000958081911,"nk","bla bla","nk",0.422368270851835,"nk",2,0,0
"103",103,103,-0.119514755904675,0.315956801176071,0.00524505164474249,-0.0363640838218944,0.0882960315514157,1,"small",0.991253898932242,"nk","bla bla","nk",0.192663709226508,"nk",1,0,0
"104",104,104,-0.108182661235332,0.0422962978482246,-0.0210256832093,-0.0363640838218944,0.0398620230410963,1,"small",0.986177569771455,"nk","bla bla","nk",0.262139577146005,"nk",0,0,0
"105",105,105,-0.233612403273582,0.582090258598328,0.0123154854401946,-0.0363640838218944,0.138929882807578,1,"small",0.969993578288801,"nk","bla bla","nk",0.478030068765394,"nk",1,0,0
"106",106,106,-0.329477906227112,0.173397839069366,-0.0394254622235894,-0.0363640838218944,0.108810695768152,1,"negligible",0.959072009973564,"nk","bla bla","nk",0.656341498189386,"nk",3,0,0
"107",107,107,-0.232412606477737,0.0798698738217354,-0.0292788875848055,-0.0363640838218944,0.0760699181186886,1,"small",0.981954720320904,"nk","bla bla","nk",0.317451673547894,"nk",1,0,0
"108",108,108,-0.257765978574753,0.127538308501244,-0.0272569033503532,-0.0363640838218944,0.0942516668206954,1,"small",0.973577747468962,"nk","bla bla","nk",0.428116787743299,"nk",0,0,0
"109",109,109,-0.331722289323807,0.191848695278168,-0.028062452673912,-0.0363640838218944,0.0936843231283433,1,"small",0.975744669091435,"nk","bla bla","nk",0.398931963993664,"nk",3,0,0
"110",110,110,-0.113241516053677,0.230167344212532,0.0370434546843171,-0.0363640838218944,0.0979033471604958,1,"negligible",0.969012657836171,"nk","bla bla","nk",0.492159993214855,"nk",0,0,0
"111",111,111,-0.244211465120316,0.0675357505679131,-0.0347412690520287,-0.0363640838218944,0.0800080357198664,1,"negligible",0.951814935621439,"nk","bla bla","nk",0.848224964439593,"nk",1,0,0
"112",112,112,-0.24245385825634,0.148181900382042,-0.035845745652914,-0.0363640838218944,0.105524591968204,1,"negligible",0.953227048520191,"nk","bla bla","nk",0.797142979312244,"nk",0,0,0
"113",113,113,-0.197327390313148,0.152936115860939,-0.0371462041884661,-0.0363640838218944,0.0749607040638403,1,"small",0.991131726312342,"nk","bla bla","nk",0.194412009791977,"nk",1,0,0
"114",114,114,-0.286452025175095,0.389238923788071,-0.00896489232778549,-0.0363640838218944,0.137705373124429,1,"negligible",0.967615932065939,"nk","bla bla","nk",0.512715993677448,"nk",1,0,0
"115",115,115,-0.129835173487663,0.227741673588753,-0.0022891778126359,-0.0363640838218944,0.0671117558121623,1,"negligible",0.95475918223173,"nk","bla bla","nk",0.753006617308527,"nk",1,0,0
"116",116,116,-0.337362140417099,0.13082791864872,-0.0341495853662491,-0.0363640838218944,0.0927711575087204,1,"negligible",0.968278438236661,"nk","bla bla","nk",0.502897535538121,"nk",0,0,0
"117",117,117,-0.258533924818039,0.104043133556843,-0.0455928099155426,-0.0363640838218944,0.0812398059020479,1,"small",0.977714101369005,"nk","bla bla","nk",0.372848885443954,"nk",1,0,0
"118",118,118,-0.214712426066399,0.242322236299515,-0.0384358335658908,-0.0363640838218944,0.107375345941148,1,"negligible",0.952882845602558,"nk","bla bla","nk",0.808376953573495,"nk",0,0,0
"119",119,119,-0.20336027443409,0.409189283847809,-0.015413030013442,-0.0363640838218944,0.117626488795847,1,"negligible",0.960902928818064,"nk","bla bla","nk",0.621944476337821,"nk",0,0,0
"120",120,120,-0.16400408744812,0.374073714017868,0.00975172404199839,-0.0363640838218944,0.118893608730092,1,"negligible",0.951189767031084,"nk","bla bla","nk",0.877239760846468,"nk",0,0,0
"121",121,121,-0.20173291862011,0.392723202705383,-0.0170284322276711,-0.0363640838218944,0.113219020875312,1,"negligible",0.956388910886271,"nk","bla bla","nk",0.713007793906837,"nk",0,0,0
"122",122,122,-0.145584836602211,0.251217216253281,0.0100075525790453,-0.0363640838218944,0.0961311198809624,1,"negligible",0.966143327614574,"nk","bla bla","nk",0.535032212170524,"nk",1,0,0
"123",123,123,-0.130809262394905,0.368704259395599,0.0184938510507345,-0.0363640838218944,0.108291107160446,1,"negligible",0.953925822968035,"nk","bla bla","nk",0.775991145193927,"nk",2,0,0
"124",124,124,-0.40893942117691,0.12969933450222,-0.0453675442188978,-0.0363640838218944,0.101071058154679,1,"negligible",0.962097602071229,"nk","bla bla","nk",0.600839267823843,"nk",1,0,0
"125",125,125,-0.247364744544029,0.0897024050354958,-0.0245300931483507,-0.0363640838218944,0.0742425022106458,1,"negligible",0.968147469177621,"nk","bla bla","nk",0.504828441803653,"nk",0,0,0
"126",126,126,-0.207949861884117,0.0923240557312965,-0.0100552682206035,-0.0363640838218944,0.0702047561272363,1,"small",0.981909075567378,"nk","bla bla","nk",0.318045964840022,"nk",2,0,0
"127",127,127,-0.334080070257187,0.197200864553452,-0.0195442843064666,-0.0363640838218944,0.110522883328371,1,"negligible",0.964723906670175,"nk","bla bla","nk",0.557280282447138,"nk",0,0,0
"128",128,128,-0.174494132399559,0.187848702073097,-0.0158020867779851,-0.0363640838218944,0.0694454416371151,1,"small",0.99173235332414,"nk","bla bla","nk",0.185763715209537,"nk",1,0,0
"129",129,129,-0.165276765823364,0.135410889983177,-0.0108997145667672,-0.0363640838218944,0.0707217917408412,1,"small",0.983093834208464,"nk","bla bla","nk",0.302611144393752,"nk",1,0,0
"130",130,130,-0.231988683342934,0.0640994384884834,-0.0216399159654975,-0.0363640838218944,0.0728762498702185,1,"negligible",0.959333503962884,"nk","bla bla","nk",0.65125345750473,"nk",1,0,0
"131",131,131,-0.165608927607536,0.291281759738922,0.0207113577798009,-0.0363640838218944,0.108451292914375,1,"negligible",0.955896828085524,"nk","bla bla","nk",0.724521007417597,"nk",1,0,0
"132",132,132,-0.249600395560265,0.111685030162334,-0.00128917634487152,-0.0363640838218944,0.0728061205118178,1,"negligible",0.964946850222603,"nk","bla bla","nk",0.55373268325193,"nk",2,0,0
"133",133,133,-0.30495697259903,0.0655028596520424,-0.0377841075602919,-0.0363640838218944,0.0751452845056918,1,"negligible",0.967050396387173,"nk","bla bla","nk",0.521202194010462,"nk",0,0,0
"134",134,134,-0.203895643353462,0.220197960734367,-0.0141207105387002,-0.0363640838218944,0.0848619302369967,1,"negligible",0.963338952535924,"nk","bla bla","nk",0.579816222512798,"nk",1,0,0
"135",135,135,-0.30163112282753,0.311714500188828,-0.0292322502844036,-0.0363640838218944,0.1304794006096,1,"negligible",0.966355444010543,"nk","bla bla","nk",0.531772734763214,"nk",3,0,0
"136",136,136,-0.222412198781967,0.168509632349014,-0.0265796659886837,-0.0363640838218944,0.0876626680477195,1,"small",0.990673606485287,"nk","bla bla","nk",0.200922303261093,"nk",1,0,0
"137",137,137,-0.324796110391617,0.405164033174515,-0.0142716532479972,-0.0363640838218944,0.117154286517227,1,"negligible",0.959392722277219,"nk","bla bla","nk",0.650110024371851,"nk",1,0,0
"138",138,138,-0.096625916659832,0.266225516796112,0.0149375436361879,-0.0363640838218944,0.081771517293096,1,"negligible",0.956867858107855,"nk","bla bla","nk",0.702190929436556,"nk",0,0,0
"139",139,139,-0.107711173593998,0.223275169730186,0.00433392277918756,-0.0363640838218944,0.0722965753805161,1,"small",0.973505279467084,"nk","bla bla","nk",0.429103754914806,"nk",0,0,0
"140",140,140,-0.300466805696487,0.0533080026507378,-0.0582314031384885,-0.0363640838218944,0.102207285389289,1,"small",0.976545387028206,"nk","bla bla","nk",0.388285005555209,"nk",0,0,0
"141",141,141,-0.368831396102905,0.175286889076233,-0.0232261831220239,-0.0363640838218944,0.103709698825522,1,"small",0.982459574868735,"nk","bla bla","nk",0.310877183148207,"nk",0,0,0
"142",142,142,-0.189658850431442,0.0969370976090431,-0.00757366386242211,-0.0363640838218944,0.0595660225902389,1,"medium",0.999939499901151,"nk","bla bla","nk",0.0125565664960769,"k",2,0,0
"143",143,143,-0.145120441913605,0.0965956076979637,-0.027032582918182,-0.0363640838218944,0.0621060102555444,1,"small",0.990230028535061,"nk","bla bla","nk",0.207162642136588,"nk",3,0,0
"144",144,144,-0.259657561779022,0.124569714069366,-0.0198353682272136,-0.0363640838218944,0.0790424427142104,1,"small",0.985417972446331,"nk","bla bla","nk",0.272173432760103,"nk",0,0,0
"145",145,145,-0.207437142729759,0.350410014390945,-0.00616972996853292,-0.0363640838218944,0.0983943655445911,1,"small",0.980467349060407,"nk","bla bla","nk",0.336820987050247,"nk",0,0,0
"146",146,146,-0.317469209432602,0.124351136386395,-0.0423551714513451,-0.0363640838218944,0.104354133741493,1,"small",0.97596059036708,"nk","bla bla","nk",0.396054539347751,"nk",0,0,0
"147",147,147,-0.263168305158615,0.387243658304214,-0.0368396734073758,-0.0363640838218944,0.121942400434587,1,"negligible",0.966006515977593,"nk","bla bla","nk",0.537143070533793,"nk",0,0,0
"148",148,148,-0.126071602106094,0.0526291206479073,-0.010921919727698,-0.0363640838218944,0.0463939698922882,1,"large",0.999988896093797,"nk","bla bla","nk",0.00557705129405727,"k",1,0,0
"149",149,149,-0.220755457878113,0.659282982349396,0.00328715551644564,-0.0363640838218944,0.14954766913916,1,"negligible",0.950753458955796,"nk","bla bla","nk",0.902377468018534,"nk",0,0,0
"150",150,150,-0.29054793715477,0.0654357001185417,-0.0584527600556612,-0.0363640838218944,0.0884008976377312,1,"small",0.973761542776921,"nk","bla bla","nk",0.425617096067234,"nk",1,0,0
"151",151,151,-0.205363065004349,0.19649949669838,-0.0241197832021862,-0.0363640838218944,0.0911667721217521,1,"negligible",0.964990867689005,"nk","bla bla","nk",0.553034705017478,"nk",2,0,0
"152",152,152,-0.264039307832718,0.155882209539413,-0.0491519458312541,-0.0363640838218944,0.105243909202035,1,"negligible",0.965957492368283,"nk","bla bla","nk",0.537901109714877,"nk",2,0,0
"153",153,153,-0.278626620769501,0.204723879694939,-0.0368466905131936,-0.0363640838218944,0.0889186241461551,1,"small",0.976251120623512,"nk","bla bla","nk",0.392190409428272,"nk",1,0,0
"154",154,154,-0.124415673315525,0.280160754919052,0.0346141703054309,-0.0363640838218944,0.114526680968781,1,"negligible",0.957702419978816,"nk","bla bla","nk",0.684140203293673,"nk",0,0,0
"155",155,155,-0.34801259636879,0.0702756568789482,-0.0456851239316165,-0.0363640838218944,0.10561618994917,1,"negligible",0.963041958095413,"nk","bla bla","nk",0.584769895245883,"nk",2,0,0
"156",156,156,-0.259437412023544,0.0912365540862083,-0.0417911036778241,-0.0363640838218944,0.0883626449658862,1,"negligible",0.963065155141793,"nk","bla bla","nk",0.584381333551911,"nk",0,0,0
"157",157,157,-0.238207325339317,0.0950491949915886,-0.0499576915055513,-0.0363640838218944,0.0869232409950587,1,"small",0.97699193410765,"nk","bla bla","nk",0.382373741334808,"nk",2,0,0
"158",158,158,-0.244126692414284,0.303635150194168,-0.0351485826540738,-0.0363640838218944,0.133103271928226,1,"negligible",0.963818222889278,"nk","bla bla","nk",0.57191587593174,"nk",1,0,0
"159",159,159,-0.167305156588554,0.270523518323898,0.0120406073983759,-0.0363640838218944,0.0754353087946587,1,"small",0.989024730063897,"nk","bla bla","nk",0.223849804350405,"nk",1,0,0
"160",160,160,-0.427183330059052,0.120845712721348,-0.0408693046495318,-0.0363640838218944,0.10870964735762,1,"negligible",0.963308375991281,"nk","bla bla","nk",0.580324125139901,"nk",2,0,0
"161",161,161,-0.232303604483604,0.050081379711628,-0.046103092264384,-0.0363640838218944,0.086675728074679,1,"small",0.983006950173495,"nk","bla bla","nk",0.303744062014264,"nk",0,0,0
"162",162,162,-0.289604395627975,0.224400401115417,-0.0493266396969557,-0.0363640838218944,0.104820805617157,1,"negligible",0.950012970102448,"nk","bla bla","nk",0.987206873325602,"nk",1,0,0
"163",163,163,-0.25167053937912,0.0395943149924278,-0.0528600340150297,-0.0363640838218944,0.0858244688486452,1,"small",0.981058623122629,"nk","bla bla","nk",0.329118707673103,"nk",0,0,0
"164",164,164,-0.179438173770905,0.415575057268143,0.034416459351778,-0.0363640838218944,0.171741963664742,1,"negligible",0.952750338074614,"nk","bla bla","nk",0.812873998889498,"nk",3,0,0
"165",165,165,-0.25267419219017,0.508096873760223,-0.0247664557304233,-0.0363640838218944,0.129862173690014,1,"negligible",0.950973714876929,"nk","bla bla","nk",0.888982709678729,"nk",0,0,0
"166",166,166,-0.216258808970451,0.44703021645546,0.00314212527126074,-0.0363640838218944,0.12595366803621,1,"negligible",0.951813411838774,"nk","bla bla","nk",0.848289070515153,"nk",2,0,0
"167",167,167,-0.130721181631088,0.404321044683456,-0.0133851577714086,-0.0363640838218944,0.104979964415277,1,"negligible",0.9510847141222,"nk","bla bla","nk",0.882804641082263,"nk",0,0,0
"168",168,168,-0.377217441797256,0.232059493660927,-0.0447556765656918,-0.0363640838218944,0.113679800463715,1,"negligible",0.954424427386969,"nk","bla bla","nk",0.761988555977585,"nk",0,0,0
"169",169,169,-0.262232214212418,0.233119577169418,-0.0284842763841152,-0.0363640838218944,0.0972718477649555,1,"negligible",0.961932172474117,"nk","bla bla","nk",0.603707338159345,"nk",1,0,0
"170",170,170,-0.224007874727249,0.0523420199751854,-0.044856552677229,-0.0363640838218944,0.0666560938561761,1,"negligible",0.950236808216768,"nk","bla bla","nk",0.945316224068553,"nk",1,0,0
"171",171,171,-0.356483429670334,0.058067224919796,-0.0611101524159312,-0.0363640838218944,0.0995173495584664,1,"negligible",0.963508046676495,"nk","bla bla","nk",0.57701592908658,"nk",0,0,0
"172",172,172,-0.230299726128578,0.253068536520004,-0.00139116166159511,-0.0363640838218944,0.0953069862327293,1,"small",0.972081135484878,"nk","bla bla","nk",0.448669500955782,"nk",0,0,0
"173",173,173,-0.195209413766861,0.104619048535824,-0.0327518472168595,-0.0363640838218944,0.0750849784650404,1,"negligible",0.964693477653536,"nk","bla bla","nk",0.557766113637279,"nk",0,0,0
"174",174,174,-0.224220454692841,0.109890677034855,-0.0224548634979874,-0.0363640838218944,0.0919393599296459,1,"small",0.99718286749583,"nk","bla bla","nk",0.096144576011318,"nk",2,0,0
"175",175,175,-0.248999193310738,0.275516599416733,0.00936715948395431,-0.0363640838218944,0.104902709815552,1,"small",0.980368221162444,"nk","bla bla","nk",0.338112938794893,"nk",1,0,0
"176",176,176,-0.249588310718536,0.293215841054916,0.00676140569150448,-0.0363640838218944,0.0995743700417408,1,"negligible",0.965477846021186,"nk","bla bla","nk",0.545365100467189,"nk",0,0,0
"177",177,177,-0.372459232807159,0.132279887795448,-0.038925066338852,-0.0363640838218944,0.0912542145460843,1,"negligible",0.950168241994457,"nk","bla bla","nk",0.953912861735952,"nk",2,0,0
"178",178,178,-0.186927571892738,0.307153314352036,-0.00883157774340361,-0.0363640838218944,0.0951415009685982,1,"negligible",0.950516105439816,"nk","bla bla","nk",0.919234914560237,"nk",1,0,0
"179",179,179,-0.349804431200027,0.264543682336807,-0.0519948996929452,-0.0363640838218944,0.120144298289055,1,"negligible",0.951935005982815,"nk","bla bla","nk",0.843253993475383,"nk",0,0,0
"180",180,180,-0.247227340936661,0.207291051745415,-0.0472854520380497,-0.0363640838218944,0.0954297628568083,1,"negligible",0.963515923913866,"nk","bla bla","nk",0.576885825674211,"nk",0,0,0
"181",181,181,-0.133715406060219,0.351870179176331,-0.0116344386478886,-0.0363640838218944,0.0951186059968567,1,"negligible",0.950121494138686,"nk","bla bla","nk",0.960838637293687,"nk",4,1,0
"182",182,182,-0.136622279882431,0.246637120842934,0.0169039897061884,-0.0363640838218944,0.092381420425849,1,"small",0.973701389460734,"nk","bla bla","nk",0.426434661053075,"nk",4,0,0
"183",183,183,-0.128351047635078,0.305864095687866,-0.00295578827615827,-0.0363640838218944,0.0815611275613334,1,"negligible",0.955134101033142,"nk","bla bla","nk",0.743295836502862,"nk",2,0,0
"184",184,184,-0.272045254707336,0.0839392244815826,-0.0439398593595251,-0.0363640838218944,0.0872917400299735,1,"negligible",0.958355156473494,"nk","bla bla","nk",0.670635933803444,"nk",2,0,0
"185",185,185,-0.274378508329391,0.168642342090607,-0.0507520441897213,-0.0363640838218944,0.0953468673300961,1,"negligible",0.955450443674369,"nk","bla bla","nk",0.735359905004294,"nk",0,0,0
"186",186,186,-0.241473242640495,0.085699737071991,-0.0450209610676393,-0.0363640838218944,0.0705485020323516,1,"negligible",0.967898498017549,"nk","bla bla","nk",0.508512626523047,"nk",1,0,0
"187",187,187,-0.122872725129128,0.137739077210426,-0.0298700306937098,-0.0363640838218944,0.068430795974635,1,"small",0.971694038501865,"nk","bla bla","nk",0.454048226977598,"nk",2,0,0
"188",188,188,-0.196027591824532,0.0475419610738754,-0.0228851403482258,-0.0363640838218944,0.0584920393619856,1,"negligible",0.959610555703883,"nk","bla bla","nk",0.645931077790461,"nk",2,0,0
"189",189,189,-0.250522017478943,0.312702268362045,-0.0323352879658341,-0.0363640838218944,0.100532408059585,1,"negligible",0.951039636123282,"nk","bla bla","nk",0.885274030994149,"nk",0,0,0
"190",190,190,-0.293424695730209,0.126311078667641,-0.0273926011100411,-0.0363640838218944,0.105691092696991,1,"negligible",0.96234376220616,"nk","bla bla","nk",0.59660179469035,"nk",5,0,0
"191",191,191,-0.338676333427429,0.26590570807457,-0.0799261536821723,-0.0363640838218944,0.122235542301843,1,"small",0.98501353687138,"nk","bla bla","nk",0.277494606165883,"nk",2,0,0
"192",192,192,-0.129298225045204,0.0945133417844772,-0.0175249339267611,-0.0363640838218944,0.056006727597645,1,"small",0.979293562866905,"nk","bla bla","nk",0.352138069081602,"nk",1,0,0
"193",193,193,-0.198490127921104,0.0907068401575089,-0.0259281649021432,-0.0363640838218944,0.0624954106431057,1,"negligible",0.951379305328402,"nk","bla bla","nk",0.867781937183142,"nk",0,0,0
"194",194,194,-0.401325047016144,0.532989025115967,-0.0513110997155309,-0.0363640838218944,0.162613391916767,1,"negligible",0.954218118196608,"nk","bla bla","nk",0.767685983512608,"nk",3,0,0
"195",195,195,-0.220882505178452,0.244507119059563,-0.00896866211667657,-0.0363640838218944,0.0990554495534521,1,"small",0.978360697690314,"nk","bla bla","nk",0.364352684956454,"nk",2,0,0
"196",196,196,-0.26395982503891,0.189566597342491,-0.0334830893343315,-0.0363640838218944,0.0952674266620675,1,"negligible",0.958564171526392,"nk","bla bla","nk",0.666413195713948,"nk",1,0,0
"197",197,197,-0.3246810734272,0.130099609494209,-0.0586186218634248,-0.0363640838218944,0.0979912943626273,1,"negligible",0.950811727872419,"nk","bla bla","nk",0.898663405755008,"nk",3,0,0
"198",198,198,-0.140050575137138,0.240381553769112,0.00459672813303769,-0.0363640838218944,0.103859195701078,1,"negligible",0.950223509708145,"nk","bla bla","nk",0.946874983728982,"nk",1,0,0
"199",199,199,-0.307486295700073,0.286980211734772,-0.0302870225533843,-0.0363640838218944,0.123046785328671,1,"negligible",0.954053988351281,"nk","bla bla","nk",0.772314303353443,"nk",0,0,0
"200",200,200,-0.16814386844635,0.08812215924263,-0.0381021233275533,-0.0363640838218944,0.0604124792199673,1,"negligible",0.950345331508334,"nk","bla bla","nk",0.933952920459134,"nk",1,0,0
"201",201,201,-0.282714515924454,0.0767821297049522,-0.0557680163485929,-0.0363640838218944,0.0861495134389408,1,"negligible",0.963711872487136,"nk","bla bla","nk",0.573659278226515,"nk",2,0,0
"202",202,202,-0.287518888711929,0.402066320180893,-0.0412215284444392,-0.0363640838218944,0.138994330395708,1,"negligible",0.950216113905567,"nk","bla bla","nk",0.947761932357725,"nk",1,0,0
"203",203,203,-0.268802762031555,0.288448572158813,-0.0210497114760801,-0.0363640838218944,0.0940530252560596,1,"negligible",0.950223741857389,"nk","bla bla","nk",0.946847381914759,"nk",1,0,0
"204",204,204,-0.350358486175537,0.105184458196163,-0.0581260253256187,-0.0363640838218944,0.106919662348179,1,"negligible",0.957494530849028,"nk","bla bla","nk",0.688549336930948,"nk",2,0,0
"205",205,205,-0.223850071430206,0.058801993727684,-0.0604412778839469,-0.0363640838218944,0.074080211225218,1,"negligible",0.963242176143773,"nk","bla bla","nk",0.581425393934624,"nk",1,0,0
"206",206,206,-0.240838542580605,0.262801349163055,-0.0333080141153187,-0.0363640838218944,0.111305429695448,1,"negligible",0.951272115091055,"nk","bla bla","nk",0.873045513390359,"nk",3,0,0
"207",207,207,-0.324992775917053,0.0623350292444229,-0.0459169873502105,-0.0363640838218944,0.0876366178202695,1,"negligible",0.952183630744678,"nk","bla bla","nk",0.833420055665099,"nk",2,0,0
"208",208,208,-0.246109694242477,0.419142007827759,0.00705097247846425,-0.0363640838218944,0.150377107390793,1,"negligible",0.954534880498585,"nk","bla bla","nk",0.758990309769612,"nk",4,0,0
"209",209,209,-0.253244042396545,0.401633739471436,-0.00464733228087425,-0.0363640838218944,0.130295442269408,1,"negligible",0.954618856339874,"nk","bla bla","nk",0.75673396981316,"nk",1,0,0
"210",210,210,-0.235513120889664,0.229226306080818,-0.037637315467,-0.0363640838218944,0.0958003550541232,1,"negligible",0.957294208372594,"nk","bla bla","nk",0.692851112563016,"nk",1,0,0
"211",211,211,-0.176030769944191,0.321519196033478,0.0056415580958128,-0.0363640838218944,0.111951616054157,1,"negligible",0.950138015025145,"nk","bla bla","nk",0.958259776876524,"nk",2,0,0
"212",212,212,-0.38037633895874,0.222718730568886,-0.0486340250074863,-0.0363640838218944,0.1096053524846,1,"negligible",0.952095069598901,"nk","bla bla","nk",0.836856817887257,"nk",2,0,0
"213",213,213,-0.248701304197311,0.122938200831413,-0.0314073567837477,-0.0363640838218944,0.0832923430246959,1,"negligible",0.952082726963151,"nk","bla bla","nk",0.837341395838255,"nk",3,0,0
"214",214,214,-0.182161584496498,0.0970713049173355,-0.0290927968360484,-0.0363640838218944,0.0713041557436714,1,"negligible",0.951131283724307,"nk","bla bla","nk",0.880306291882463,"nk",0,0,0
"215",215,215,-0.350163459777832,0.0817398428916931,-0.0557803908316419,-0.0363640838218944,0.102959909154873,1,"negligible",0.950000127232032,"nk","bla bla","nk",0.998732948271654,"nk",2,0,0
"216",216,216,-0.23508432507515,0.226969793438911,-0.0207810275582597,-0.0363640838218944,0.0832057349971794,1,"negligible",0.96203363391895,"nk","bla bla","nk",0.601946325844058,"nk",1,0,0
"217",217,217,-0.224564671516418,0.148763969540596,-0.0316931178048253,-0.0363640838218944,0.102692680945216,1,"negligible",0.950201134992148,"nk","bla bla","nk",0.949605960736018,"nk",2,0,0
"218",218,218,-0.214252442121506,0.108753032982349,-0.0350246855616569,-0.0363640838218944,0.0736711702868743,1,"negligible",0.958376261315104,"nk","bla bla","nk",0.670207412683431,"nk",3,0,0
"219",219,219,-0.248673841357231,0.273154586553574,-0.0208550751209259,-0.0363640838218944,0.101562621685473,1,"negligible",0.950333405260771,"nk","bla bla","nk",0.9351046697063,"nk",3,0,0
"220",220,220,-0.176168337464333,0.385977059602737,-0.00737244235351682,-0.0363640838218944,0.113484347292395,1,"negligible",0.952715955094552,"nk","bla bla","nk",0.814057988034956,"nk",1,0,0
"221",221,221,-0.128043174743652,0.204593122005463,0.0109897360671312,-0.0363640838218944,0.0770928905199337,1,"negligible",0.963312176033435,"nk","bla bla","nk",0.580260977330912,"nk",1,0,0
"222",222,222,-0.22240474820137,0.11421100050211,-0.0508573149424046,-0.0363640838218944,0.0901733523118577,1,"negligible",0.952399697199112,"nk","bla bla","nk",0.82531064876791,"nk",1,0,0
"223",223,223,-0.237132430076599,0.352347284555435,-0.0450008773058653,-0.0363640838218944,0.125777500902694,1,"negligible",0.955344992289426,"nk","bla bla","nk",0.737980606419528,"nk",2,0,0
"224",224,224,-0.223613291978836,0.185238540172577,-0.0272295925859362,-0.0363640838218944,0.0767478239469407,1,"negligible",0.954638603216923,"nk","bla bla","nk",0.756206231397183,"nk",1,0,0
"225",225,225,-0.160847634077072,0.152877286076546,-0.022172531709075,-0.0363640838218944,0.0776441647369387,1,"small",0.987631738887006,"nk","bla bla","nk",0.242743670616764,"nk",4,0,0
"226",226,226,-0.151390105485916,0.0610862672328949,-0.0161745773628354,-0.0363640838218944,0.0576516617985992,1,"small",0.983236285117919,"nk","bla bla","nk",0.300753167952075,"nk",1,0,0
"227",227,227,-0.262190222740173,0.173878401517868,-0.0198542301449925,-0.0363640838218944,0.0927040672418084,1,"negligible",0.956224959669539,"nk","bla bla","nk",0.716796356523131,"nk",2,0,0
"228",228,228,-0.121348902583122,0.295342057943344,0.0113637344539166,-0.0363640838218944,0.0931422009836011,1,"small",0.972426920069403,"nk","bla bla","nk",0.443887688829692,"nk",1,0,0
"229",229,229,-0.286767959594727,0.14678081870079,-0.041767842490226,-0.0363640838218944,0.117928690616553,1,"negligible",0.952909718973462,"nk","bla bla","nk",0.807477249631602,"nk",1,0,0
"230",230,230,-0.146054476499557,0.481176733970642,-0.00413696005940437,-0.0363640838218944,0.118360261687298,1,"negligible",0.962337181717352,"nk","bla bla","nk",0.596714611496913,"nk",2,1,0
"231",231,231,-0.120168477296829,0.267099797725677,-0.0062964534945786,-0.0363640838218944,0.080270952051882,1,"negligible",0.950671656983287,"nk","bla bla","nk",0.907841199858242,"nk",1,0,0
"232",232,232,-0.0849843472242355,0.488405555486679,0.01308474666439,-0.0363640838218944,0.114318401895812,1,"small",0.971551617410203,"nk","bla bla","nk",0.456034228363135,"nk",3,0,0
"233",233,233,-0.234361201524734,0.299800246953964,0.00311331935226917,-0.0363640838218944,0.0969850425206665,1,"small",0.973793185360835,"nk","bla bla","nk",0.425187241210941,"nk",3,0,0
"234",234,234,-0.228875994682312,0.311333119869232,0.000211841892451048,-0.0363640838218944,0.106251636222503,1,"negligible",0.955804411731581,"nk","bla bla","nk",0.726732588896094,"nk",3,0,0
"235",235,235,-0.329189419746399,0.0793639868497849,-0.0296630413271487,-0.0363640838218944,0.105814132747285,1,"negligible",0.950229190020512,"nk","bla bla","nk",0.946203666806461,"nk",1,0,0
"236",236,236,-0.256012558937073,0.179060190916061,-0.0451307132095098,-0.0363640838218944,0.092152687642515,1,"negligible",0.961457058424275,"nk","bla bla","nk",0.612039112232922,"nk",0,0,0
"237",237,237,-0.323679506778717,0.341627985239029,-0.00667407200671732,-0.0363640838218944,0.129601133564216,1,"negligible",0.951425772814186,"nk","bla bla","nk",0.865563059955507,"nk",1,0,0
"238",238,238,-0.220566064119339,0.071672648191452,-0.0286872375942767,-0.0363640838218944,0.0694538643857905,1,"negligible",0.969129920729671,"nk","bla bla","nk",0.490458298040083,"nk",2,0,0
"239",239,239,-0.322441548109055,0.480899453163147,0.00177436759695411,-0.0363640838218944,0.15187439245367,1,"negligible",0.968313094258857,"nk","bla bla","nk",0.502387403167385,"nk",2,0,0
"240",240,240,-0.175883591175079,0.517599880695343,0.0155703376885504,-0.0363640838218944,0.12931814515375,1,"negligible",0.95437639509986,"nk","bla bla","nk",0.763303501143002,"nk",1,0,0
"241",241,241,-0.200612038373947,0.269432663917542,-0.0121116357389837,-0.0363640838218944,0.104347103970002,1,"small",0.984009514865672,"nk","bla bla","nk",0.290654555341958,"nk",3,0,0
"242",242,242,-0.220370173454285,0.420925825834274,-0.0224598753452301,-0.0363640838218944,0.120538225154069,1,"negligible",0.961227948079036,"nk","bla bla","nk",0.616109195873195,"nk",1,0,0
"243",243,243,-0.213759213685989,0.467527329921722,-0.000573008079081774,-0.0363640838218944,0.144473497038355,1,"negligible",0.959321359330398,"nk","bla bla","nk",0.651488351839107,"nk",0,0,0
"244",244,244,-0.272776365280151,0.337008774280548,0.000929452991113067,-0.0363640838218944,0.11707960463357,1,"negligible",0.950316571470113,"nk","bla bla","nk",0.936765890521904,"nk",0,0,0
"245",245,245,-0.399053752422333,0.401184260845184,0.00263000351376832,-0.0363640838218944,0.144949249814985,1,"negligible",0.957881202307168,"nk","bla bla","nk",0.680391520933518,"nk",3,0,0
"246",246,246,-0.220003873109818,0.39610943198204,-0.00790539421141148,-0.0363640838218944,0.109604346084079,1,"negligible",0.957248759546233,"nk","bla bla","nk",0.693834583699313,"nk",2,0,0
"247",247,247,-0.234598562121391,0.226287186145782,-0.00989222452044487,-0.0363640838218944,0.093415257989511,1,"negligible",0.958086273285229,"nk","bla bla","nk",0.676138802652409,"nk",1,0,0
"248",248,248,-0.256471514701843,0.0692931860685349,-0.0229879304021597,-0.0363640838218944,0.0819766865775254,1,"negligible",0.953055878520472,"nk","bla bla","nk",0.802652917240299,"nk",1,0,0
"249",249,249,-0.13704115152359,0.203019514679909,-0.00904742837883532,-0.0363640838218944,0.0675687876659204,1,"small",0.97075705271706,"nk","bla bla","nk",0.467187565460794,"nk",1,0,0
"250",250,250,-0.138396888971329,0.410831689834595,-0.0138409087248147,-0.0363640838218944,0.109429415119647,1,"negligible",0.950277060553454,"nk","bla bla","nk",0.940847185562728,"nk",0,0,0
"251",251,251,-0.271928876638412,0.443761914968491,-0.02148123472929,-0.0363640838218944,0.129761121828787,1,"negligible",0.958828634185486,"nk","bla bla","nk",0.66113592892258,"nk",3,0,0
"252",252,252,-0.193917691707611,0.0612606704235077,-0.0412492495868355,-0.0363640838218944,0.0770226174047676,1,"negligible",0.969100866017742,"nk","bla bla","nk",0.49087960557937,"nk",2,0,0
"253",253,253,-0.320820689201355,0.291434437036514,-0.0100266629830003,-0.0363640838218944,0.118995250569301,1,"small",0.972055769421402,"nk","bla bla","nk",0.4490211223305,"nk",3,0,0
"254",254,254,-0.230043306946754,0.257641673088074,-0.00396410929970443,-0.0363640838218944,0.0994613453798334,1,"negligible",0.953493235413292,"nk","bla bla","nk",0.788847733506781,"nk",0,0,0
"255",255,255,-0.268798381090164,0.225132152438164,-0.0450955899246037,-0.0363640838218944,0.108584097420367,1,"negligible",0.957507616980861,"nk","bla bla","nk",0.688270160952568,"nk",4,0,0
"256",256,256,-0.323224276304245,0.220562547445297,-0.0366145230922848,-0.0363640838218944,0.101238901722672,1,"negligible",0.950529946178194,"nk","bla bla","nk",0.91815729528416,"nk",1,0,0
"257",257,257,-0.181856781244278,0.36487752199173,0.00899724674411118,-0.0363640838218944,0.125513010928134,1,"negligible",0.95289799776366,"nk","bla bla","nk",0.807869170709087,"nk",1,0,0
"258",258,258,-0.181988149881363,0.127642393112183,-0.0182329524494708,-0.0363640838218944,0.0749032453883464,1,"negligible",0.950760439036514,"nk","bla bla","nk",0.901925217066563,"nk",2,0,0
"259",259,259,-0.168469280004501,0.0739252120256424,-0.0237043489329517,-0.0363640838218944,0.0535043987107572,1,"small",0.993829097782927,"nk","bla bla","nk",0.154272565687335,"nk",2,0,0
"260",260,260,-0.143428489565849,0.220868691802025,-0.0259923128038645,-0.0363640838218944,0.0834217195399936,1,"negligible",0.957462043348949,"nk","bla bla","nk",0.689243379849636,"nk",1,0,0
"261",261,261,-0.11687833070755,0.0657690465450287,-0.0212458010017872,-0.0363640838218944,0.0457967909321406,1,"small",0.994334127968465,"nk","bla bla","nk",0.146291176463956,"nk",1,0,0
"262",262,262,-0.305668383836746,0.183019518852234,-0.0391886474192142,-0.0363640838218944,0.127055098845661,1,"small",0.972440535803976,"nk","bla bla","nk",0.443699826799307,"nk",3,0,0
"263",263,263,-0.167411684989929,0.215019315481186,-0.0368544975854456,-0.0363640838218944,0.075577689499078,1,"negligible",0.964476107708822,"nk","bla bla","nk",0.561248248322898,"nk",0,0,0
"264",264,264,-0.230006396770477,0.0698741599917412,-0.0444198910333216,-0.0363640838218944,0.0705040635786432,1,"negligible",0.95158877987386,"nk","bla bla","nk",0.858048224913991,"nk",3,0,0
"265",265,265,-0.29565018415451,0.352608859539032,0.00982255442067981,-0.0363640838218944,0.129918441211029,1,"negligible",0.954769864398367,"nk","bla bla","nk",0.752725026602059,"nk",1,0,0
"266",266,266,-0.277099251747131,0.0737610906362534,-0.0710696573543828,-0.0363640838218944,0.101854509638514,1,"negligible",0.9585614257022,"nk","bla bla","nk",0.666468367687636,"nk",0,0,0
"267",267,267,-0.417154908180237,0.313109874725342,-0.0575305388495326,-0.0363640838218944,0.144803147884307,1,"negligible",0.966545867413627,"nk","bla bla","nk",0.528860042575327,"nk",1,0,0
"268",268,268,-0.318679571151733,0.130825266242027,-0.0257948964461684,-0.0363640838218944,0.0867750455996674,1,"small",0.974038697274089,"nk","bla bla","nk",0.421856896199049,"nk",1,0,0
"269",269,269,-0.2828049659729,0.0613849014043808,-0.0521265108883381,-0.0363640838218944,0.0827166821088429,1,"small",0.988971848266584,"nk","bla bla","nk",0.224574013736734,"nk",2,0,0
"270",270,270,-0.19608236849308,0.0770830363035202,-0.0338154259696603,-0.0363640838218944,0.0745291835559497,1,"small",0.985424721956313,"nk","bla bla","nk",0.272084513976834,"nk",2,0,0
"271",271,271,-0.264419853687286,0.0768246203660965,-0.0225751858577132,-0.0363640838218944,0.0728532137928009,1,"small",0.981693253511313,"nk","bla bla","nk",0.320855828292488,"nk",0,0,0
"272",272,272,-0.221570864319801,0.280169039964676,-0.0240432390198112,-0.0363640838218944,0.104655291040891,1,"negligible",0.952387418383947,"nk","bla bla","nk",0.825761690984669,"nk",0,0,0
"273",273,273,-0.348717391490936,0.1386429220438,-0.0473125731572509,-0.0363640838218944,0.114241236815718,1,"small",0.972443429202634,"nk","bla bla","nk",0.443659909475759,"nk",1,0,0
"274",274,274,-0.306958913803101,0.361593723297119,-0.0285327013209462,-0.0363640838218944,0.123988211477265,1,"negligible",0.957976072514516,"nk","bla bla","nk",0.678417970133831,"nk",1,0,0
"275",275,275,-0.173911288380623,0.310664862394333,-0.0148794822767377,-0.0363640838218944,0.089385397445994,1,"small",0.988768529588735,"nk","bla bla","nk",0.227352883538773,"nk",0,0,0
